3.600
2.589
2.688
3.318
2.389
5.899
77.092
98.006
100.617
36.104
13.889
6.384
3.584
2.585
8.513
7.716
16.017
11.201
78.497
130.302
40.085
18.108
6.906
4.816
3.510
3.009
3.510
1.389
5.899
19.116
82.011
103.009
63.503
17.884
5.903
4.518
3.510
2.701
2.688
8.410
12.395
48.984
65.104
62.313
42.901
18.705
9.105
4.592
2.614
1.505
5.190
9.414
7.915
9.409
30.382
29.682
52.894
42.899
12.384
6.982
4.816
6.289
19.415
30.208
30.093
82.400
41.915
53.203
56.481
22.103
12.384
6.310
3.883
3.511
21.804
26.196
6.982
4.406
56.093
157.407
130.208
24.716
11.497
7.803
4.592
3.086
4.294
6.983
1.381
1.904
21.495
50.105
51.582
18.108
7.215
5.190
2.912
2.006
2.987
6.211
16.614
16.950
31.002
32.407
27.006
12.097
5.285
3.211
1.792
1.582
2.614
14.005
20.908
46.184
37.905
90.688
99.190
23.484
10.918
5.787
3.883
2.816
2.315
1.003
8.998
51.299
220.114
236.186
200.386
32.594
15.085
7.616
4.592
5.093
9.185
23.418
28.599
33.714
38.484
74.783
26.119
21.505
7.099
4.406
2.912
2.083
11.387
22.184
4.891
28.599
67.915
73.103
43.017
25.090
14.699
6.310
4.182
4.591
3.398
3.395
8.811
16.801
68.618
126.008
78.009
20.983
6.713
6.011
3.808
3.009
16.316
8.102
2.800
9.110
37.409
131.496
118.403
47.006
21.914
7.915
5.414
5.285
3.995
10.802
11.387
38.082
30.589
81.205
52.199
32.893
14.583
6.198
4.518
2.894
5.115
1.890
1.904
2.389
23.520
93.115
73.418
45.102
13.310
6.310
3.883
2.585
4.891
9.105
23.484
20.012
50.719
72.506
58.912
28.114
9.684
4.891
3.211
3.086
3.099
5.401
7.990
31.399
36.706
55.406
47.608
23.895
11.073
3.808
1.792
1.582
1.083
1.505
6.310
34.312
71.098
103.009
87.500
27.591
10.918
4.294
2.912
2.083
1.605
2.083
0.784
1.307
5.084
79.189
69.985
18.892
6.211
3.211
2.912
1.312
2.203
7.716
21.804
33.789
41.088
49.993
76.312
27.106
8.719
4.816
4.406
3.511
7.206
21.914
5.414
6.384
11.409
121.901
91.705
30.914
9.414
5.115
2.800
3.511
12.806
23.418
8.998
47.118
23.396
24.380
22.608
17.884
6.481
3.099
1.904
1.389
10.118
9.298
3.808
34.088
125.703
111.298
36.381
18.295
9.105
5.600
3.211
2.083
7.094
4.707
2.501
2.987
7.399
24.082
11.304
4.704
2.701
1.493
0.784
1.698
11.313
6.906
3.995
9.110
26.910
48.499
75.810
12.694
7.485
2.389
1.307
0.810
2.203
9.799
33.191
40.696
20.503
39.315
33.218
37.896
11.304
4.406
2.389
2.894
10.193
20.486
29.794
18.407
30.919
148.111
133.912
29.682
13.619
7.504
5.899
5.015
15.606
15.586
19.713
28.898
28.398
136.985
77.315
27.292
13.117
6.198
4.518
3.704
3.584
4.282
12.694
47.192
36.086
86.096
166.782
49.395
18.287
10.715
7.094
13.503
23.297
29.900
26.508
44.504
83.788
75.082
29.398
14.412
9.105
4.891
2.614
2.894
12.694
7.793
9.595
20.199
59.482
129.294
102.894
33.789
17.284
8.363
5.003
6.597
23.297
17.593
7.206
29.607
61.880
85.685
49.807
24.418
13.310
4.406
2.800
1.813
1.381
1.813
2.315
29.682
121.404
73.589
59.182
22.999
11.497
4.891
2.203
2.315
2.912
6.096
12.507
5.899
8.309
10.417
20.293
21.393
7.215
2.800
1.381
1.312
1.083
3.588
6.086
11.313
26.414
123.917
29.591
13.217
6.211
2.501
1.493
3.086
1.307
0.694
0.485
1.008
3.803
8.587
11.998
3.286
2.083
0.411
0.000
0.000
5.563
15.509
32.109
10.603
103.505
97.409
26.196
11.611
7.215
3.510
1.381
1.389
6.608
15.702
20.684
12.806
29.721
20.385
33.218
16.913
7.909
3.286
1.307
1.389
13.404
17.207
53.913
85.387
49.686
174.208
152.508
81.392
27.585
12.507
5.787
6.096
8.102
6.713
27.516
15.793
188.285
173.014
67.785
65.786
23.187
13.105
5.115
4.398
18.108
8.796
19.004
11.014
17.981
23.708
15.008
8.699
4.784
2.389
1.307
1.582
2.501
1.312
8.587
22.887
25.298
20.385
68.711
21.095
6.713
2.800
1.195
1.119
1.493
7.215
8.214
57.198
57.416
30.690
20.602
18.817
5.093
2.203
2.091
0.887
4.331
6.289
8.811
25.986
53.199
29.085
39.120
18.444
8.025
2.427
0.672
0.694
4.070
14.159
9.334
36.664
109.706
101.292
87.577
23.932
9.066
4.816
2.240
3.549
20.945
13.503
4.144
5.974
18.353
15.532
14.352
10.454
5.247
2.203
0.373
1.119
10.305
16.975
17.361
5.675
9.714
50.515
28.356
19.377
4.977
1.717
0.411
0.347
1.083
2.199
5.040
14.636
7.440
20.535
42.323
16.913
7.639
1.643
0.411
1.157
5.302
6.404
3.883
3.846
50.389
166.555
113.002
33.714
11.883
4.816
2.016
2.701
16.689
35.494
28.151
69.892
83.912
119.773
115.934
35.805
16.358
15.569
2.389
3.086
3.734
6.597
11.014
9.073
47.412
43.720
41.474
14.412
5.826
3.248
1.680
1.312
2.501
13.534
18.246
39.143
73.632
116.469
66.512
18.993
8.904
3.483
1.385
1.721
6.347
5.941
2.688
3.435
27.240
19.303
15.509
11.275
4.244
1.456
0.373
0.463
2.688
16.435
72.655
115.330
230.241
321.461
173.611
63.321
21.644
10.230
5.750
4.360
7.396
12.539
4.932
15.364
164.827
110.069
63.449
49.776
23.341
14.557
4.144
10.968
16.461
9.572
31.941
13.239
75.661
163.460
87.361
65.072
24.545
9.640
4.275
4.749
4.406
2.041
20.393
88.941
82.722
237.642
127.751
40.483
21.825
10.028
5.003
7.311
5.518
21.489
23.973
16.767
40.642
154.256
130.023
29.413
13.804
5.496
2.729
2.465
8.714
26.894
52.360
32.964
49.537
50.806
48.005
22.047
10.826
3.980
1.374
1.208
1.803
6.088
8.401
7.542
29.216
33.737
31.840
11.705
4.579
1.844
0.526
1.084
5.279
21.458
34.431
27.207
21.739
99.194
47.720
14.736
4.618
2.035
0.754
0.721
6.022
5.880
11.346
14.486
67.361
216.368
113.858
19.932
11.412
4.432
2.838
2.816
2.132
7.485
28.241
37.694
31.143
98.551
90.367
26.788
8.565
3.920
2.442
1.898
5.115
19.938
8.893
48.727
123.466
134.046
118.461
41.069
16.717
6.724
4.742
5.243
14.539
25.868
11.395
56.127
133.424
163.978
92.967
38.885
16.501
8.807
4.794
3.229
6.164
18.476
48.977
21.330
54.601
65.087
80.872
36.354
10.529
6.407
2.677
2.512
3.125
6.285
8.117
21.472
41.415
33.561
98.286
23.214
7.075
4.223
2.501
2.481
3.480
6.100
21.076
70.617
142.055
90.580
76.632
41.424
13.260
6.892
3.954
2.843
7.721
25.096
13.751
21.233
41.605
152.823
63.059
29.215
18.071
6.037
2.651
1.628
6.511
5.575
15.009
17.615
19.825
88.415
27.110
34.547
8.993
3.424
1.620
1.948
3.390
0.430
9.540
35.320
39.510
151.980
88.910
28.820
12.190
4.670
2.020
1.268
1.897
9.577
10.102
9.988
51.929
64.357
47.180
12.293
5.490
2.073
0.850
0.836
1.309
0.400
4.101
24.035
74.768
279.893
138.641
51.894
17.781
7.219
5.043
4.382
6.402
4.580
15.105
23.861
48.728
52.320
63.147
38.359
13.238
5.192
2.425
1.651
2.379
15.127
12.545
23.861
48.729
133.764
71.368
21.926
8.769
4.373
1.676
0.891
4.802
12.321
34.294
17.452
16.185
29.407
34.421
13.324
4.160
2.768
1.074
0.760
0.981
2.197
36.342
48.029
27.692
109.796
52.204
26.561
10.729
4.308
1.730
2.890
18.750
25.669
41.902
21.825
58.112
96.120
84.630
26.950
14.360
5.070
3.210
2.410
1.620
2.010
2.790
25.230
52.310
146.150
114.450
39.840
14.980
